-2.8661460876464915
-13.062904357910146
0.005207061767578125
-0.21222114562988992
-1.59289360046386
0.29310798645019176
2.2132472991943395
-2.64203071594239
3.550352096557617
1.0934314727783203
-0.37025451660155895
-0.6975688934326207
1.5319499969482422
2.03759765625
-2.435140609741211
5.7733726501464915
109.29285812377927
40.602462768554716
4.065216064453097
0.7264862060546875
-0.8733215332030966
0.1438751220703125
-4.141326904296903
0.5209808349609943
-5.769943237304716
-140.16046524047852
-3.452112197875973
-6.60604286193848
3.1823291778564418
-2.3888072967529297
-1.77618408203125
-0.49640655517578125
-3.6280536651611293
2.7249050140380895
-2.2368087768554688
1.9002532958984304
-1.1799659729003906
-0.8745670318603516
17.376390457153324
2.2501564025878835
