-0.660400390625
-3.4965515136719034
-0.4606323242187784
-0.12088012695309658
-0.0053253173828125
-9.986831665039091
-15.809036254882812
-25.044006347656193
-13.77106475830081
-27.191314697265625
-16.873390197753906
-32.16843032836914
-6.364368438720703
-1.7870292663574183
-6.329084396362312
0.9887886047363317
1.7723884582519496
-1.1669960021972585
-3.5146617889404297
-1.1158695220947301
0.04260063171386719
0.26527595520019176
1.6024761199951207
-0.3120212554931605
-0.15896797180176137
0.1435546875
-1.9723262786865199
3.219364166259762
-1.7919483184814418
0.5201911926269496
-1.1433582305908203
-0.05845069885253906
0.26122856140137074
1.079935073852539
0.9971561431884695
0.49397850036621094
-0.9823551177978516
-1.0659141540527273
-0.7299613952636719
-0.3687896728515696
0.9100112915039098
3.75754356384277
1.409994125366211
0.5812492370605504
2.162004470825199
1.794620513916012
-3.857076644897461
-2.7452106475830114
2.540842056274421
-0.6440181732177805
-6.497625350952141
3.375699996948242
5.846454620361328
1.1747932434081996
7.261989593505859
6.774314880371094
26.732311248779297
24.58251190185547
23.040840148925767
12.696311950683608
27.0198974609375
13.980865478515597
7.366226196289091
-0.8935394287109091
0.4951019287109091
-0.4429473876953125
4.022674560546903
0.5703125
