0.23101806640619316
-3.5206146240233807
-0.5915069580078125
0.013916015625
-9.990249633789091
-15.805618286132812
-25.044006347656193
-13.77106475830081
-27.191314697265625
-16.873390197753906
-31.94733428955078
-6.5854644775390625
1.089305877685554
-2.9274692535400426
-6.324958801269531
-1.6987476348876989
1.4431324005126989
0.19170570373535156
-0.2511463165283203
5.359975814819329
0.8992099761962926
-2.9270801544189418
-3.6112003326416087
-1.2748031616210902
-0.8060436248779297
0.4222183227539098
-0.7388038635253906
-1.871404647827152
2.8918590545654332
14.824760437011715
-3.6111717224121094
-12.139461517333988
0.7781753540039098
-0.6061706542968786
1.5067615509033203
2.7304744720458984
-1.3006591796875
2.331771850585941
-2.13128662109375
-1.2099494934081996
-0.12110710144042969
-0.6389656066894602
1.35681343078614
5.875505447387688
1.3077735900878906
7.117975234985348
6.789306640625
26.74080657958985
24.58251190185547
23.040840148925767
12.696311950683608
27.0198974609375
13.980865478515597
7.366226196289091
-0.9187774658203125
0.5203399658203125
-0.4471893310546875
4.010879516601591
0.5511322021484091
