0.22247314453119316
-3.497253417968693
-0.5766296386719034
-141.21759033203122
-7.771507263183601
-6.362373352050781
-0.20565986633301137
2.3751907348632812
2.601318359375
-1.753519058227539
-3.7350616455078125
-1.9739189147949183
-0.3506050109863317
-1.8553276062011683
6.841337203979489
11.502912521362308
-16.333274841308597
1.9078731536865305
2.4655685424804688
0.5842094421386719
-1.769857406616211
-1.0583019256591797
0.5358352661132812
5.852779388427727
8.492044448852543
141.27799224853516
0.15516662597650566
4.552429199218807
