-3.4937286376953125
-0.4835510253905966
-0.0713653564453125
-0.0145721435546875
-0.4700164794921875
-7.188278198242216
-63.56556701660149
-18.072891235351605
-38.115234375
-24.60936546325684
-2.1916065216064418
0.017425537109371447
-0.16098785400389914
3.7150230407714773
1.2140636444091832
-2.9420967102050817
-4.106916427612301
-0.4126358032226598
0.12394905090332031
1.0729331970214915
0.5485191345214808
-0.9466190338134801
-1.0343914031982422
-0.8625907897949183
-0.2696075439453125
0.8804016113281214
1.5932521820068395
2.097066879272461
1.4963455200195312
0.5525856018066371
2.13022613525391
1.6350345611572337
0.42458724975584516
-0.3401069641113139
2.395637512207024
5.759468078613281
11.69683837890625
8.365737915039062
2.4094390869140554
-2.384010314941399
-2.0530967712402344
-3.2068252563476562
-1.1671180725097656
3.103832244873047
-1.129364013671875
2.2044029235839844
3.322059631347649
1.9946556091308665
-2.7901077270507812
-14.487167358398445
-4.309474945068359
0.6711044311523509
0.5334434509277344
-3.6864585876464844
-5.287822723388672
-2.868520736694336
-2.8069019317626918
-2.543540954589851
2.347700119018562
-0.7362937927246094
-1.425088882446289
-2.071645736694343
-1.3388957977294886
-0.9678668975830114
-0.03354835510253906
0.23421287536621094
1.6082286834716797
-0.28240394592285156
1.4866523742675817
0.07025337219237926
0.8025894165039098
1.6455097198486293
0.4115142822265625
29.343763351440426
32.104694366455085
24.026473999023438
59.95576477050781
5.879165649414091
1.9358215332030966
-0.8794403076171875
0.4810028076171875
-0.4477996826171875
4.0198974609375
0.6544647216796875
