-3.457580566406307
-0.6265869140625
-0.099853515625
-3.549560546875
-16.578552246093807
-0.6393890380858807
4.728591918945284
4.123703002929716
-6.472091674804716
-0.3741912841796875
-2.3639526367187216
2.1206817626953125
3.6038055419921875
0.3601837158203125
0
0
0.4888000488280966
1.4950714111328125
0.5643310546875
-0.4029083251953125
-1.1095581054686932
-2.146179199218807
-0.5434722900390057
0.3723602294922159
0.2589874267577841
3.413681030273409
0.5768280029296875
-3.0623016357421875
-2.6004333496094034
-4.06918334960929
-41.14369964599611
-4.8773880004882955
-0.3379364013672017
-10.082000732421903
-8.089965820312486
-1.6771469116210938
-18.33953094482422
-13.749988555908203
-8.3994140625
-6.098659515380859
6.592678070068359
-2.7647018432617188
-18.663631439208988
-7.504432678222649
0.5258083343505788
2.9022331237793004
8.157754898071289
5.016750335693359
14.83096694946289
0.7662887573242188
22.717113494873047
15.080360412597656
10.038444519043026
0.05132293701169033
-0.03179168701169033
12.089096069335895
0.5190048217773011
-3.899375915527301
4.127296447753892
-0.7935333251952983
-2.336952209472699
-1.4609832763672017
2.9036865234375
2.226722717285199
2.655311584472713
-6.367317199707102
-0.008880615234403422
-0.5246200561523011
4.229743957519503
38.008522033691406
5.5994873046875
6.804107666015682
1.0062408447265057
-0.39198303222650566
-1.9887237548828978
-1.9600219726561932
-0.2570953369140909
1.870437622070284
1.7687683105469034
1.1543884277344034
-1.3716430664063068
-0.17568969726559658
-0.6119384765625
-0.9695129394530966
-0.19667053222659092
-5.759872436523409
-0.20960998535159092
-0.18536376953122158
5.645172119140625
4.0091552734375
-3.4683990478515057
-5.235458374023494
20.4586181640625
0.4505767822265909
-0.02873229980471592
3.7713165283203125
0.4843597412109091
